776
588
664
735
324
399
891
61
145
609
185
287
115
446
74
638
271
91
628
715
298
954
210
584
643
826
400
675
707
576
120
644
4
992
87
747
393
504
326
523
964
653
612
745
817
854
874
841
334
455
329
611
966
678
975
753
598
187
229
283
160
299
313
959
754
338
331
280
706
869
276
297
354
198
206
475
974
242
937
176
801
381
220
443
534
629
597
341
782
289
586
325
340
783
415
14
413
509
377
379
837
112
544
780
831
98
863
927
473
134
153
524
955
358
118
607
503
661
9
197
219
571
882
685
965
126
434
718
655
442
532
726
777
293
991
248
20
789
700
156
8
47
72
350
542
492
970
32
774
127
44
300
146
985
35
574
674
86
155
999
511
58
561
907
255
978
13
852
986
355
579
11
666
168
746
635
359
380
100
938
302
767
28
449
889
157
427
368
201
659
680
481
936
895
309
10
448
81
315
551
569
736
416
864
812
261
1
944
712
699
859
875
163
395
827
209
444
166
467
15
548
296
697
624
921
594
147
849
934
243
45
691
942
196
905
439
773
994
623
414
114
928
795
508
80
322
858
971
930
883
824
897
956
7
182
590
605
502
792
378
240
468
540
138
870
216
493
349
97
878
684
960
775
162
772
557
914
739
559
967
720
904
108
418
142
437
730
793
181
362
779
641
397
51
818
583
830
423
479
618
18
183
766
622
384
411
136
660
213
729
24
200
63
460
601
406
407
260
337
40
694
495
877
52
111
488
648
476
266
84
490
154
526
327
121
195
683
55
932
99
435
843
140
386
173
234
487
803
231
461
838
813
26
312
979
816
642
744
646
110
627
537
512
192
840
713
212
806
771
94
981
649
440
662
825
304
933
752
369
217
625
929
46
657
733
104
311
22
980
667
307
215
404
717
587
34
531
915
517
572
343
794
498
996
21
257
193
951
221
522
244
292
677
731
335
599
602
770
57
822
230
957
457
505
961
177
374
560
758
582
199
556
728
214
450
759
880
405
939
409
438
262
836
917
977
855
984
232
396
668
819
278
180
164
351
123
553
228
190
264
552
363
207
581
474
704
75
606
804
92
71
620
562
899
600
873
673
496
188
285
344
175
421
570
881
364
924
738
892
29
388
305
681
301
634
288
82
25
310
856
429
603
762
491
513
339
962
286
59
53
41
23
83
382
90
558
893
507
658
828
78
592
31
993
50
253
520
370
67
284
862
547
538
545
48
12
69
814
790
844
740
595
619
626
5
254
566
527
541
748
953
652
184
321
391
518
499
320
131
202
879
238
578
501
314
755
211
113
916
143
785
866
272
169
417
807
49
236
107
799
519
88
103
465
820
345
279
616
422
589
27
886
303
306
543
709
317
808
148
458
189
632
249
695
764
372
342
580
851
258
639
947
398
839
876
768
723
38
906
945
577
319
608
387
941
347
884
901
402
179
159
167
223
208
412
489
96
203
497
800
796
998
528
983
887
615
593
375
637
281
514
1000
791
251
719
721
385
919
452
477
516
926
900
737
797
742
410
485
76
353
896
332
16
62
563
604
621
494
848
128
247
857
323
976
165
259
30
109
958
17
426
226
525
478
137
656
765
931
989
352
672
135
565
194
171
950
910
282
6
149
751
734
328
645
650
506
125
778
911
139
357
894
798
834
348
291
42
431
943
274
367
480
403
500
178
861
769
868
853
445
376
710
871
665
988
573
308
809
963
687
267
133
617
294
630
865
225
218
922
920
727
835
371
997
908
515
54
239
696
366
749
555
990
56
2
912
714
693
316
233
132
613
760
575
432
245
346
486
948
671
256
3
102
725
898
268
79
101
484
885
436
716
833
702
654
186
428
408
860
850
610
591
972
688
805
105
686
784
43
392
614
394
761
670
93
470
564
549
471
464
433
237
124
451
250
453
204
935
663
724
867
756
535
640
690
141
36
787
722
829
918
529
969
174
95
454
802
482
757
158
995
708
333
821
37
318
275
122
631
636
235
19
265
847
356
973
550
65
846
224
909
811
903
701
277
33
295
888
968
129
116
705
585
483
205
361
987
401
270
85
106
902
845
273
786
682
872
447
832
424
70
925
689
741
596
763
152
743
781
750
150
419
568
533
269
130
732
360
73
842
890
170
383
66
633
89
390
389
420
430
365
77
698
68
923
982
191
510
692
521
246
554
788
222
336
466
679
263
530
472
823
252
290
117
459
546
703
39
119
64
647
462
330
373
567
940
144
172
536
815
60
952
463
469
241
651
810
539
151
669
227
676
949
441
456
161
711
913
425
946